version https://git-lfs.github.com/spec/v1
oid sha256:361d368d8599593626f03f351225e7f0bbeac88ff5ef7e225cfd06016f68d12f
size 1924
